+----------------------------------------------------------------------------------------------------------------------------------------------------------------------------------------------------------------------------------------+
; Legal Partition Candidates                                                                                                                                                                                                             ;
+-----------------------------------+-------+----------------+--------------+----------------+--------+-----------------+---------------+-----------------+-------+----------------+--------------+------------------+-------------------+
; Hierarchy                         ; Input ; Constant Input ; Unused Input ; Floating Input ; Output ; Constant Output ; Unused Output ; Floating Output ; Bidir ; Constant Bidir ; Unused Bidir ; Input only Bidir ; Output only Bidir ;
+-----------------------------------+-------+----------------+--------------+----------------+--------+-----------------+---------------+-----------------+-------+----------------+--------------+------------------+-------------------+
; LCD_SETUP_MAP|DUT_InitLCD|DUT_ROM ; 8     ; 3              ; 0            ; 3              ; 12     ; 3               ; 3             ; 3               ; 0     ; 0              ; 0            ; 0                ; 0                 ;
; LCD_SETUP_MAP|DUT_InitLCD         ; 3     ; 9              ; 0            ; 9              ; 21     ; 9               ; 9             ; 9               ; 0     ; 0              ; 0            ; 0                ; 0                 ;
; LCD_SETUP_MAP|DUT_RESET           ; 2     ; 1              ; 0            ; 1              ; 3      ; 1               ; 1             ; 1               ; 0     ; 0              ; 0            ; 0                ; 0                 ;
; LCD_SETUP_MAP                     ; 22    ; 1              ; 0            ; 1              ; 23     ; 1               ; 1             ; 1               ; 0     ; 0              ; 0            ; 0                ; 0                 ;
; LCD_CTRL_MAP|UC                   ; 16    ; 1              ; 3            ; 1              ; 13     ; 1               ; 1             ; 1               ; 0     ; 0              ; 0            ; 0                ; 0                 ;
; LCD_CTRL_MAP                      ; 55    ; 0              ; 8            ; 0              ; 21     ; 0               ; 0             ; 0               ; 0     ; 0              ; 0            ; 0                ; 0                 ;
; GENERAL_MAP|UC                    ; 5     ; 29             ; 0            ; 29             ; 56     ; 29              ; 29            ; 29              ; 0     ; 0              ; 0            ; 0                ; 0                 ;
; GENERAL_MAP                       ; 13    ; 0              ; 9            ; 0              ; 52     ; 0               ; 0             ; 0               ; 0     ; 0              ; 0            ; 0                ; 0                 ;
; UART_MAP|UC                       ; 8     ; 2              ; 0            ; 2              ; 6      ; 2               ; 2             ; 2               ; 0     ; 0              ; 0            ; 0                ; 0                 ;
; UART_MAP                          ; 3     ; 0              ; 0            ; 0              ; 9      ; 0               ; 0             ; 0               ; 0     ; 0              ; 0            ; 0                ; 0                 ;
+-----------------------------------+-------+----------------+--------------+----------------+--------+-----------------+---------------+-----------------+-------+----------------+--------------+------------------+-------------------+
